1,369,286,222,182,0
2,391,285,212,182,0
3,413,284,202,183,0
4,435,284,192,182,0
5,457,283,182,183,0
6,480,283,172,183,0
7,493,288,172,175,0
8,507,294,171,166,0
9,521,300,170,158,0
10,537,300,166,157,0
11,553,300,162,156,0
12,569,300,159,156,0
13,579,300,159,156,0
14,589,300,159,156,0
15,599,300,159,156,0
16,616,300,155,155,0
17,634,300,151,155,0
18,652,300,147,155,0
19,661,300,145,153,0
20,671,301,143,151,0
21,681,301,140,149,0
22,691,302,138,147,0
23,703,302,135,146,0
24,716,303,131,145,0
25,729,303,127,145,0
26,742,304,123,144,0
27,751,305,121,142,0
28,761,306,119,141,0
29,770,307,117,140,0
30,780,308,115,139,0
31,788,308,113,137,0
32,797,309,111,135,0
33,806,310,108,133,0
34,815,311,106,131,0
35,824,309,103,131,0
36,833,308,101,131,0
37,842,307,98,130,0
38,852,306,95,130,0
39,856,307,99,129,0
40,860,308,103,129,0
41,864,309,107,128,0
42,869,311,110,127,0
43,877,310,110,127,0
44,885,309,111,127,0
45,893,308,111,127,0
46,902,307,111,127,0
47,908,308,113,125,0
48,915,309,115,123,0
49,922,310,116,121,0
50,929,312,118,118,0
51,936,312,120,118,0
52,944,312,122,118,0
53,952,312,124,118,0
54,960,313,126,118,0
55,967,312,131,118,0
56,974,311,137,118,0
57,981,311,143,118,0
58,988,310,149,118,0
59,995,310,155,118,0
60,1005,309,154,118,0
61,1016,309,153,117,0
62,1027,308,152,117,0
63,1038,308,151,116,0
64,1046,307,147,118,0
65,1054,307,143,119,0
66,1062,307,139,120,0
67,1071,306,135,122,0
68,1079,306,131,123,0
69,1087,306,127,124,0
70,1096,306,123,126,0
71,1099,307,116,127,0
72,1102,309,110,127,0
73,1106,311,103,127,0
74,1103,308,103,128,0
75,1100,306,103,129,0
76,1097,304,103,130,0
77,1094,302,103,131,0
78,1080,302,113,132,0
79,1067,302,123,133,0
80,1053,302,134,134,0
81,1040,303,144,135,0
82,1028,303,147,135,0
83,1017,303,150,135,0
84,1006,303,152,135,0
85,995,304,155,134,0
86,978,301,167,134,0
87,961,299,179,134,0
88,945,297,191,134,0
89,932,297,189,134,0
90,919,297,187,134,0
91,907,298,184,134,0
92,910,298,177,134,0
93,914,299,169,134,0
94,918,300,162,134,0
95,922,301,154,134,0
96,926,302,147,134,0
97,921,302,144,134,0
98,916,302,141,134,0
99,911,303,139,133,0
100,906,303,136,133,0
101,901,303,133,133,0
102,897,304,130,132,0
103,883,303,136,134,0
104,870,303,141,136,0
105,857,302,147,139,0
106,844,302,152,141,0
107,831,302,158,143,0
108,817,301,164,145,0
109,804,301,169,147,0
110,791,300,175,150,0
111,778,300,180,152,0
112,765,300,186,154,0
113,744,299,188,154,0
114,723,299,190,154,0
115,702,299,192,154,0
116,681,298,194,154,0
117,661,298,196,154,0
118,640,298,198,154,0
119,619,297,200,154,0
120,598,297,202,154,0
121,578,297,204,154,0
122,558,297,206,154,0
123,538,298,209,154,0
124,518,298,212,155,0
125,498,299,215,155,0
126,478,299,216,155,0
127,458,299,218,155,0
128,438,299,220,155,0
129,418,299,222,155,0
130,398,299,224,155,0
131,378,298,223,156,0
132,358,298,222,157,0
133,338,297,221,158,0
134,318,297,220,159,0
135,298,297,219,159,0
136,278,296,218,161,0
137,258,296,217,161,0
138,239,296,215,162,0
139,225,295,215,162,0
140,211,294,215,162,0
141,197,293,215,162,0
142,183,292,215,162,0
143,169,291,215,162,0
144,155,290,215,162,0
145,142,290,215,162,0
146,135,289,207,165,0
147,129,289,199,167,0
148,123,289,191,169,0
149,116,289,183,172,0
150,110,289,175,174,0
151,104,289,167,176,0
152,98,289,159,179,0
153,102,287,155,180,0
154,107,286,151,181,0
155,111,284,148,183,0
156,116,283,144,184,0
157,121,282,153,185,0
158,126,281,162,187,0
159,131,280,171,189,0
160,136,279,180,190,0
161,141,278,189,192,0
162,146,277,198,194,0
163,151,276,207,196,0
164,166,275,209,197,0
165,181,275,212,198,0
166,196,274,214,199,0
167,211,274,217,200,0
168,226,273,220,201,0
169,241,273,222,202,0
170,256,272,225,203,0
171,272,272,227,204,0
172,286,273,226,202,0
173,301,274,224,200,0
174,315,276,223,197,0
175,330,277,221,195,0
176,344,278,220,193,0
177,359,280,218,191,0
178,379,281,208,189,0
179,400,282,198,187,0
180,420,283,189,185,0
181,441,285,179,183,0
182,453,286,178,182,0
183,465,287,177,181,0
184,477,288,176,180,0
185,489,290,175,178,0
186,506,290,167,177,0
187,523,290,160,176,0
188,540,290,152,175,0
189,558,290,144,174,0
190,564,290,147,173,0
191,570,290,151,172,0
192,576,290,155,171,0
193,583,290,158,170,0
194,594,290,159,169,0
195,606,291,159,168,0
196,618,292,159,167,0
197,630,293,159,166,0
198,642,294,159,165,0
199,654,295,159,164,0
200,666,296,159,163,0
201,678,297,159,162,0
202,690,298,154,159,0
203,703,299,148,157,0
204,715,300,143,154,0
205,728,301,137,152,0
206,741,302,131,150,0
207,750,303,129,148,0
208,759,304,128,147,0
209,769,305,126,146,0
210,776,304,125,145,0
211,784,304,123,144,0
212,792,304,121,143,0
213,799,304,120,141,0
214,807,304,118,140,0
215,815,304,116,139,0
216,823,304,115,138,0
217,828,304,115,137,0
218,834,305,115,135,0
219,839,305,115,135,0
220,845,306,115,133,0
221,850,306,115,133,0
222,856,307,115,131,0
223,862,308,115,130,0
224,867,308,115,129,0
225,872,309,115,127,0
226,878,310,115,126,0
227,883,310,115,125,0
228,888,311,115,124,0
229,894,312,115,122,0
230,899,312,115,122,0
231,904,313,115,120,0
232,910,314,115,119,0
233,915,313,116,119,0
234,920,313,118,119,0
235,925,313,119,118,0
236,930,313,121,118,0
237,935,312,123,119,0
238,940,312,124,118,0
239,945,312,126,118,0
240,950,312,128,118,0
241,960,311,130,118,0
242,970,310,133,118,0
243,981,310,135,117,0
244,991,309,137,117,0
245,1002,309,139,116,0
246,1012,308,142,116,0
247,1023,308,144,116,0
248,1032,306,146,117,0
249,1041,305,148,118,0
250,1050,304,150,119,0
251,1059,302,153,120,0
252,1068,301,155,121,0
253,1077,300,157,122,0
254,1086,299,160,123,0
255,1093,299,154,123,0
256,1100,299,149,123,0
257,1107,300,144,123,0
258,1114,300,138,123,0
259,1121,300,133,123,0
260,1129,301,127,123,0
261,1134,301,122,124,0
262,1139,301,118,125,0
263,1144,301,113,126,0
264,1150,302,108,127,0
265,1155,302,104,128,0
266,1160,302,99,129,0
267,1165,302,95,130,0
268,1171,303,90,131,0
269,1174,302,87,132,0
270,1177,301,84,133,0
271,1180,300,81,134,0
272,1183,300,79,134,0
273,1181,299,82,135,0
274,1180,299,84,135,0
275,1178,298,88,137,0
276,1177,298,90,137,0
277,1175,297,93,138,0
278,1174,297,96,139,0
279,1174,297,96,139,0
280,1174,297,96,139,0
281,1174,297,96,139,0
282,1175,297,96,139,0
283,1175,297,96,139,0
284,1175,297,96,139,0
285,1175,297,96,139,0
286,1176,298,96,139,0
287,1170,298,99,139,0
288,1165,298,102,139,0
289,1160,298,105,139,0
290,1155,298,107,139,0
291,1149,299,111,138,0
292,1144,299,114,138,0
293,1139,299,116,138,0
294,1134,299,119,138,0
295,1129,300,122,138,0
296,1117,300,131,138,0
297,1106,300,140,138,0
298,1094,300,150,138,0
299,1083,301,159,138,0
300,1074,301,159,138,0
301,1066,302,159,138,0
302,1057,302,159,138,0
303,1049,303,159,138,0
304,1040,304,159,138,0
305,1032,304,159,138,0
306,1023,305,159,138,0
307,1015,306,159,138,0
308,1001,306,159,138,0
309,988,306,159,138,0
310,975,306,159,138,0
311,962,306,159,138,0
312,949,306,159,139,0
313,936,306,159,139,0
314,923,306,159,139,0
315,910,306,159,139,0
316,897,306,159,139,0
317,884,307,159,139,0
318,868,305,163,142,0
319,853,304,166,144,0
320,838,303,170,146,0
321,823,302,173,148,0
322,808,300,177,151,0
323,793,299,180,153,0
324,778,298,184,155,0
325,763,297,187,157,0
326,748,296,191,159,0
327,733,295,191,159,0
328,719,295,191,159,0
329,705,295,191,159,0
330,691,294,191,159,0
331,677,294,191,159,0
332,663,294,191,159,0
333,649,294,191,159,0
334,635,294,191,159,0
335,621,294,191,159,0
336,607,295,191,159,0
337,593,295,191,159,0
338,579,295,191,159,0
339,565,296,191,159,0
340,551,296,192,158,0
341,537,296,194,158,0
342,524,296,195,158,0
343,510,296,197,158,0
344,497,296,197,158,0
345,483,296,199,158,0
346,470,296,200,158,0
347,456,296,202,158,0
348,443,296,203,158,0
349,433,295,205,158,0
350,423,295,207,158,0
351,413,295,210,158,0
352,403,294,212,158,0
353,393,294,215,158,0
354,383,294,217,158,0
355,374,294,219,158,0
356,372,294,217,158,0
357,371,294,215,158,0
358,369,294,214,158,0
359,368,294,212,158,0
360,366,294,210,159,0
361,365,294,208,159,0
362,363,294,207,159,0
363,362,294,205,159,0
364,361,295,203,159,0
365,360,294,203,159,0
366,360,294,203,159,0
367,360,294,203,159,0
368,360,294,203,159,0
369,360,293,203,159,0
370,360,293,203,159,0
371,360,293,203,159,0
372,360,293,203,159,0
373,360,292,203,159,0
374,360,292,203,159,0
375,360,292,203,159,0
376,360,292,203,159,0
377,360,292,203,159,0
378,363,290,201,159,0
379,366,289,200,158,0
380,369,288,199,158,0
381,357,289,200,158,0
382,346,290,200,158,0
383,334,291,201,159,0
384,323,293,201,158,0
385,312,294,201,158,0
386,300,295,202,159,0
387,289,296,202,159,0
388,278,298,203,159,0
389,265,297,203,159,0
390,253,297,203,159,0
391,240,297,203,159,0
392,228,296,203,159,0
393,216,296,203,159,0
394,203,296,203,159,0
395,191,296,203,159,0
396,179,295,203,159,0
397,166,295,203,159,0
398,154,295,203,159,0
399,142,295,203,159,0
400,140,293,196,161,0
401,138,291,190,164,0
402,137,290,183,166,0
403,135,288,177,169,0
404,134,286,169,172,0
405,132,285,163,174,0
406,131,283,156,177,0
407,129,281,150,180,0
408,128,280,143,182,0
409,130,279,143,182,0
410,132,279,143,182,0
411,134,279,143,182,0
412,136,279,143,182,0
413,145,279,147,182,0
414,155,279,151,182,0
415,165,279,155,182,0
416,175,279,159,183,0
417,175,277,176,184,0
418,176,275,192,186,0
419,177,273,209,187,0
420,178,271,225,189,0
421,179,269,242,191,0
422,194,270,242,191,0
423,209,272,242,191,0
424,224,274,242,191,0
425,239,275,242,191,0
426,254,277,242,191,0
427,269,279,242,191,0
428,284,281,242,191,0
429,303,281,238,189,0
430,323,281,233,188,0
431,343,281,228,186,0
432,362,282,225,184,0
433,382,282,220,182,0
434,402,282,215,181,0
435,422,283,211,179,0
436,437,283,203,178,0
437,453,284,195,177,0
438,468,284,187,176,0
439,484,285,179,175,0
440,499,285,171,174,0
441,515,286,163,173,0
442,530,286,155,172,0
443,546,287,147,171,0
444,557,287,145,169,0
445,568,287,143,168,0
446,579,287,142,167,0
447,590,287,140,166,0
448,601,287,139,165,0
449,612,287,137,164,0
450,624,288,135,162,0
451,632,289,135,161,0
452,640,290,135,160,0
453,648,291,135,159,0
454,657,292,135,158,0
455,665,293,135,157,0
456,673,294,135,156,0
457,682,296,135,155,0
458,689,297,138,153,0
459,697,298,140,152,0
460,705,300,142,149,0
461,713,301,144,148,0
462,721,303,146,145,0
463,729,304,148,144,0
464,737,306,150,142,0
465,747,305,154,142,0
466,758,304,157,142,0
467,768,304,161,142,0
468,779,303,164,142,0
469,789,302,168,142,0
470,800,302,171,142,0
471,809,301,172,142,0
472,818,301,174,142,0
473,827,301,176,141,0
474,837,301,177,141,0
475,846,300,179,141,0
476,855,300,181,141,0
477,864,300,183,140,0
478,874,300,184,140,0
479,881,300,184,139,0
480,888,300,184,139,0
481,895,300,184,139,0
482,902,300,184,138,0
483,909,300,184,138,0
484,916,300,184,138,0
485,924,300,183,138,0
486,933,300,180,138,0
487,942,300,177,139,0
488,951,301,175,139,0
489,960,301,172,140,0
490,970,301,169,141,0
491,979,302,166,141,0
492,988,302,164,142,0
493,997,302,161,143,0
494,1007,303,158,143,0
495,1013,301,153,145,0
496,1019,300,148,147,0
497,1025,299,144,149,0
498,1031,297,139,151,0
499,1037,296,134,153,0
500,1043,295,130,155,0
501,1047,295,126,155,0
502,1052,295,122,155,0
503,1057,295,118,155,0
504,1062,295,114,155,0
505,1067,295,110,155,0
506,1072,295,106,155,0
507,1072,295,107,155,0
508,1073,295,107,155,0
509,1074,295,107,155,0
510,1075,296,107,155,0
511,1076,296,107,155,0
512,1077,296,107,155,0
513,1078,297,107,155,0
514,1077,296,108,156,0
515,1076,296,110,156,0
516,1075,295,111,157,0
517,1074,295,113,157,0
518,1073,294,115,159,0
519,1072,294,116,159,0
520,1071,293,118,160,0
521,1070,293,119,160,0
522,1069,292,121,161,0
523,1068,292,123,162,0
524,1068,291,123,163,0
525,1068,291,123,163,0
526,1068,291,123,163,0
527,1068,291,123,163,0
528,1068,291,123,163,0
529,1068,291,123,163,0
530,1068,291,123,163,0
531,1068,291,123,163,0
532,1068,291,123,163,0
533,1068,291,123,163,0
534,1068,291,123,163,0
535,1068,291,123,163,0
536,1068,291,123,163,0
537,1068,291,123,163,0
538,1068,291,123,163,0
539,1068,291,123,163,0
540,1068,291,123,163,0
541,1068,291,123,163,0
542,1068,291,123,163,0
543,1068,291,123,163,0
544,1068,291,123,163,0
545,1068,291,123,163,0
546,1068,291,123,163,0
547,1068,292,123,163,0
548,1068,291,123,163,0
549,1068,291,123,163,0
550,1068,291,123,163,0
551,1068,291,123,163,0
552,1068,291,123,163,0
553,1068,291,123,163,0
554,1068,291,123,163,0
555,1068,291,123,163,0
556,1068,291,123,163,0
557,1068,291,123,163,0
558,1068,291,123,163,0
559,1068,291,123,163,0
560,1068,291,123,163,0
561,1068,291,123,163,0
562,1068,291,123,163,0
563,1068,291,123,163,0
564,1068,291,123,163,0
565,1068,291,123,163,0
566,1068,291,123,163,0
567,1068,291,123,163,0
568,1068,291,123,163,0
569,1068,291,123,163,0
570,1068,291,123,163,0
571,1068,291,123,163,0
572,1068,291,123,163,0
573,1068,291,123,163,0
574,1068,290,123,163,0
575,1068,290,123,163,0
576,1068,290,123,163,0
577,1068,290,123,163,0
578,1068,290,123,163,0
579,1068,290,123,163,0
580,1068,290,123,163,0
581,1068,290,123,163,0
582,1068,290,123,163,0
583,1068,290,123,163,0
584,1068,290,123,163,0
585,1068,290,123,163,0
586,1068,290,123,163,0
587,1068,290,123,163,0
588,1068,290,123,163,0
589,1068,290,123,163,0
590,1068,290,123,163,0
591,1068,290,123,163,0
592,1068,290,123,163,0
593,1068,290,123,163,0
594,1068,290,123,163,0
595,1068,290,123,163,0
596,1068,290,123,163,0
597,1068,290,123,163,0
598,1068,290,123,163,0
599,1068,290,123,163,0
600,1069,290,123,163,0